000248
000274
000275
000286
000287
000288
000298
000299
000300
000301
000311
000312
000313
000314
000324
000325
000326
000327
000337
000338
000339
000340
000349
000350
000351
000352
000353
000362
000363
000364
000365
000366
000374
000375
000376
000377
000378
000379
000387
000388
000389
000390
000391
000392
000401
000402
000403
000404
000405
000414
000415
000416
000418
000428
000429
000430
000440
000441
000442
000443
000452
000453
000454
000455
000456
000466
000467
000468
000478
000479
000480
000481
000492
000493
000504
000505
000507
000518
000519
000531
000544
000583
000596
000833
000834
000846
000847
000859
000860
000861
000871
000872
000873
000874
000883
000884
000885
000886
000887
000896
000897
000898
000899
000900
000909
000910
000911
000912
000913
000914
000915
000920
000921
000922
000923
000924
000925
000926
000927
000928
000933
000934
000935
000936
000937
000938
000939
000940
000941
000946
000947
000948
000949
000950
000951
000952
000959
000960
000961
000962
000963
000964
000965
000966
000967
000968
000969
000970
000971
000972
000973
000974
000975
000976
000977
000978
000979
000980
000982
000983
000984
000985
000986
000987
000988
000989
000990
000991
000996
000997
000998
000999
001000
001001
001002
001003
001004
001012
001013
001014
001015
001017
001023
001024
001025
001026
001027
001028
001029
001036
001037
001038
001039
001040
001041
001042
001049
001050
001051
001052
001053
001054
001055
001063
001064
001065
001066
001075
001076
001077
001078
001079
001089
001090
001091
001101
001102
001103
001105
001114
001115
001116
001117
001118
001128
001129
001130
001131
001141
001142
001143
001180
001181
001193
001194
001380
001393
001419
001431
001432
001433
001444
001445
001446
001456
001457
001458
001459
001468
001469
001470
001471
001472
001473
001481
001482
001483
001484
001485
001486
001494
001495
001496
001497
001498
001507
001508
001509
001510
001511
001512
001513
001514
001515
001516
001518
001519
001520
001521
001522
001523
001524
001528
001532
001533
001539
001540
001541
001542
001543
001544
001547
001548
001553
001554
001555
001556
001557
001558
001559
001560
001561
001562
001567
001568
001569
001570
001571
001572
001573
001574
001575
001582
001583
001584
001585
001586
001587
001594
001595
001596
001597
001598
001599
001600
001608
001609
001610
001611
001612
001613
001621
001622
001623
001624
001625
001634
001635
001636
001637
001638
001650
001651
001661
001662
001663
001664
001673
001674
001675
001676
001677
001686
001687
001688
001689
001874
001875
001886
001887
001888
001899
001900
001901
001911
001912
001913
001914
001923
001924
001925
001926
001927
001936
001938
001939
001940
001950
001951
001952
001953
001954
001955
001956
001961
001962
001963
001964
001965
001966
001967
001975
001976
001977
001978
001979
001980
001981
001982
001983
001984
001985
001986
001987
001988
001989
001990
001991
001992
001993
001994
001995
001996
001997
001998
001999
002000
002001
002002
002003
002004
002005
002006
002007
002008
002009
002011
002012
002013
002014
002015
002016
002017
002018
002019
002026
002027
002028
002029
002033
002034
002035
002036
002037
002038
002039
002040
002041
002042
002043
002044
002045
002046
002047
002048
002049
002050
002051
002052
002053
002054
002055
002056
002057
002058
002059
002060
002061
002062
002063
002064
002065
002066
002067
002068
002069
002070
002071
002075
002076
002077
002078
002079
002088
002093
002094
002095
002099
002100
002101
002102
002103
002104
002105
002106
002107
002108
002109
002112
002113
002114
002115
002116
002117
002118
002119
002120
002121
002122
002127
002128
002129
002130
002131
002133
002145
002146
002147
002148
002153
002154
002155
002156
002157
002158
002159
002160
002161
002166
002167
002168
002169
002170
002171
002172
002173
002179
002180
002181
002182
002183
002184
002185
002190
002194
002195
002196
002197
002198
002199
002205
002206
002207
002208
002209
002210
002211
002212
002218
002219
002220
002221
002222
002223
002224
002231
002232
002233
002234
002235
002236
002245
002246
002247
002248
002249
002258
002259
002260
002261
002433
002434
002445
002446
002447
002448
002458
002459
002460
002461
002471
002472
002473
002474
002483
002484
002485
002486
002487
002495
002496
002497
002498
002499
002500
002501
002508
002509
002510
002511
002512
002513
002521
002522
002523
002524
002525
002526
002527
002528
002529
002532
002533
002534
002535
002536
002537
002538
002539
002540
002541
002544
002545
002546
002547
002548
002549
002550
002551
002552
002553
002554
002557
002558
002559
002560
002561
002562
002563
002564
002565
002566
002572
002573
002574
002575
002576
002577
002578
002579
002580
002581
002582
002583
002584
002585
002586
002587
002588
002589
002590
002591
002592
002593
002594
002595
002596
002597
002598
002599
002600
002601
002602
002603
002604
002605
002606
002607
002608
002609
002610
002611
002612
002613
002614
002615
002616
002617
002618
002620
002623
002624
002625
002626
002627
002628
002629
002633
002634
002635
002636
002637
002638
002639
002640
002641
002642
002643
002644
002645
002646
002647
002648
002649
002650
002651
002652
002653
002654
002655
002656
002657
002658
002659
002660
002661
002662
002663
002664
002665
002666
002667
002668
002669
002670
002671
002672
002673
002674
002675
002676
002677
002678
002679
002680
002681
002687
002688
002689
002690
002691
002692
002693
002694
002695
002697
002698
002699
002700
002701
002702
002703
002704
002705
002706
002707
002708
002709
002710
002711
002712
002713
002714
002715
002716
002718
002719
002720
002721
002722
002723
002724
002725
002726
002727
002728
002730
002731
002732
002733
002734
002735
002736
002738
002739
002740
002741
002742
002743
002744
002745
002746
002747
002748
002749
002750
002751
002752
002753
002754
002755
002756
002757
002758
002759
002760
002762
002763
002764
002765
002766
002767
002768
002769
002770
002771
002772
002773
002775
002776
002777
002778
002779
002780
002781
002782
002783
002784
002785
002789
002790
002791
002792
002793
002794
002795
002796
002797
002798
002802
002803
002804
002805
002806
002807
002808
002809
002810
002811
002814
002815
002816
002817
002818
002819
002820
002821
002822
002823
002827
002828
002829
002830
002831
002832
002833
002834
002835
002836
002837
002838
002839
002840
002842
002843
002844
002845
002846
002847
002848
002849
002850
002851
002852
002853
002854
002855
002856
002857
002858
002859
002860
002861
002867
002868
002869
002870
002871
002872
002873
002874
002880
002881
002882
002883
002884
002885
003031
003032
003043
003044
003045
003057
003058
003059
003070
003071
003072
003073
003082
003083
003084
003085
003094
003095
003096
003097
003098
003099
003100
003104
003105
003106
003107
003108
003109
003110
003111
003112
003113
003118
003119
003120
003121
003122
003123
003124
003125
003126
003132
003133
003134
003135
003136
003137
003138
003145
003146
003147
003148
003149
003150
003151
003152
003153
003154
003155
003156
003157
003158
003159
003160
003161
003162
003163
003164
003165
003166
003167
003168
003169
003170
003171
003172
003173
003174
003175
003176
003177
003178
003179
003180
003181
003183
003184
003185
003186
003187
003188
003189
003190
003191
003196
003197
003198
003200
003201
003202
003203
003204
003205
003208
003209
003210
003211
003212
003213
003214
003215
003216
003217
003218
003219
003220
003221
003222
003223
003224
003225
003226
003227
003228
003229
003230
003231
003232
003233
003234
003235
003236
003237
003238
003239
003240
003241
003242
003243
003244
003245
003246
003247
003248
003249
003250
003251
003252
003253
003254
003255
003256
003257
003258
003259
003260
003261
003262
003263
003264
003265
003268
003269
003270
003271
003272
003273
003275
003276
003277
003278
003279
003280
003281
003282
003283
003284
003285
003286
003287
003288
003289
003290
003291
003292
003293
003294
003295
003296
003297
003298
003299
003300
003301
003302
003303
003304
003308
003309
003310
003311
003312
003313
003314
003315
003316
003322
003323
003324
003325
003326
003327
003461
003473
003474
003486
003487
003488
003498
003499
003500
003501
003502
003511
003512
003513
003514
003524
003525
003526
003527
003536
003537
003538
003539
003540
003541
003542
003548
003549
003550
003551
003552
003553
003554
003561
003562
003563
003564
003565
003566
003567
003568
003569
003570
003571
003572
003573
003574
003575
003576
003577
003578
003579
003580
003581
003582
003583
003584
003585
003586
003587
003588
003589
003590
003591
003592
003593
003594
003595
003599
003600
003601
003602
003603
003604
003605
003606
003607
003613
003614
003615
003616
003617
003618
003619
003620
003621
003622
003623
003624
003625
003626
003627
003628
003629
003630
003631
003632
003633
003634
003635
003636
003637
003638
003639
003640
003641
003642
003643
003644
003645
003646
003647
003648
003651
003652
003653
003654
003655
003656
003657
003658
003659
003660
003661
003664
003665
003667
003668
003669
003670
003671
003672
003673
003674
003675
003676
003679
003680
003681
003682
003683
003684
003685
003686
003687
003688
003689
003690
003691
003692
003693
003694
003695
003696
003697
003698
003699
003700
003701
003702
003703
003704
003705
003706
003707
003708
003709
003710
003711
003712
003713
003714
003715
003716
003717
003719
003720
003721
003722
003723
003724
003725
003726
003727
003728
003729
003731
003732
003733
003734
003735
003736
003737
003738
003739
003740
003741
003742
003743
003744
003745
003746
003747
003749
003750
003751
003752
003753
003754
003756
003761
003763
003764
003765
003766
003767
003770
003775
003776
003777
003778
003779
003780
003781
003782
003783
003789
003790
003791
003792
003793
003794
003795
003796
003797
003802
003803
003804
003805
003806
003807
003808
003942
003954
003955
003968
003969
003970
003980
003981
003982
003992
003993
003994
003995
003996
004005
004006
004007
004008
004009
004017
004018
004019
004020
004021
004022
004029
004031
004032
004033
004034
004035
004043
004044
004045
004046
004047
004048
004049
004050
004051
004052
004053
004054
004055
004056
004057
004058
004059
004060
004061
004062
004063
004067
004068
004069
004070
004071
004072
004073
004074
004075
004080
004081
004082
004083
004084
004085
004086
004087
004088
004094
004095
004096
004097
004098
004099
004100
004101
004102
004106
004107
004113
004115
004116
004117
004118
004121
004122
004123
004124
004125
004126
004127
004128
004129
004130
004131
004132
004133
004134
004135
004136
004137
004138
004139
004140
004141
004142
004144
004146
004147
004148
004149
004150
004151
004152
004153
004154
004157
004158
004159
004162
004163
004164
004165
004166
004168
004173
004174
004175
004176
004177
004178
004179
004180
004181
004182
004183
004184
004185
004186
004187
004188
004189
004190
004191
004192
004193
004194
004195
004196
004197
004198
004199
004200
004201
004202
004203
004204
004205
004206
004207
004208
004209
004210
004211
004212
004213
004214
004215
004216
004217
004218
004219
004220
004221
004222
004223
004224
004225
004226
004231
004232
004233
004234
004235
004236
004237
004238
004239
004240
004241
004242
004243
004244
004245
004246
004247
004248
004249
004250
004251
004252
004253
004255
004256
004257
004258
004259
004260
004261
004262
004263
004264
004265
004266
004268
004269
004270
004271
004272
004273
004274
004275
004276
004277
004278
004282
004283
004284
004285
004286
004287
004288
004289
004290
004296
004297
004298
004299
004300
004301
004302
004436
004448
004449
004463
004475
004476
004487
004488
004489
004490
004499
004500
004501
004502
004512
004513
004514
004515
004516
004517
004525
004526
004527
004528
004529
004530
004538
004539
004540
004541
004542
004543
004551
004552
004553
004554
004555
004563
004564
004565
004566
004567
004568
004569
004570
004571
004574
004575
004576
004577
004578
004579
004580
004581
004582
004583
004584
004588
004589
004590
004591
004592
004593
004594
004595
004601
004602
004603
004604
004605
004606
004607
004608
004614
004615
004616
004617
004618
004619
004620
004621
004627
004635
004638
004641
004642
004643
004644
004645
004646
004647
004648
004651
004652
004653
004654
004655
004656
004657
004658
004659
004660
004661
004663
004664
004665
004666
004667
004668
004669
004670
004671
004672
004673
004674
004678
004679
004681
004682
004683
004684
004693
004694
004695
004696
004697
004698
004699
004700
004701
004704
004705
004706
004707
004708
004709
004710
004711
004712
004713
004714
004716
004717
004718
004719
004720
004721
004722
004723
004724
004725
004726
004727
004728
004729
004730
004731
004732
004733
004734
004735
004736
004737
004738
004739
004740
004741
004742
004743
004744
004745
004746
004747
004748
004749
004750
004751
004752
004753
004754
004755
004756
004757
004758
004759
004760
004762
004763
004764
004765
004766
004767
004768
004769
004770
004771
004774
004775
004776
004777
004778
004779
004780
004781
004782
004783
004784
004785
004786
004787
004788
004789
004790
004791
004792
004793
004794
004795
004796
004797
004798
004799
004803
004804
004805
004806
004807
004808
004809
004810
004811
004816
004817
004818
004819
004820
004821
004822
004968
004969
005006
005007
005008
005009
005019
005020
005021
005022
005032
005033
005034
005036
005045
005046
005047
005048
005057
005058
005059
005060
005061
005062
005069
005071
005072
005073
005074
005075
005084
005085
005086
005087
005088
005089
005093
005094
005096
005097
005098
005099
005100
005101
005102
005106
005107
005108
005109
005110
005111
005112
005113
005114
005115
005120
005121
005122
005123
005124
005125
005126
005127
005128
005134
005135
005136
005137
005138
005143
005144
005145
005146
005147
005148
005149
005150
005151
005152
005153
005154
005156
005157
005158
005159
005160
005161
005162
005163
005164
005165
005166
005167
005168
005171
005172
005173
005174
005175
005176
005177
005178
005179
005180
005184
005186
005187
005188
005195
005196
005197
005198
005199
005200
005201
005202
005203
005204
005205
005206
005207
005208
005209
005210
005211
005212
005213
005214
005215
005216
005217
005218
005219
005220
005223
005224
005225
005226
005227
005228
005229
005230
005231
005232
005233
005237
005238
005239
005241
005242
005243
005251
005252
005253
005254
005255
005256
005257
005258
005259
005260
005262
005263
005264
005265
005266
005267
005268
005269
005270
005271
005272
005273
005275
005276
005277
005278
005279
005280
005281
005282
005283
005284
005285
005286
005287
005288
005289
005290
005291
005292
005293
005294
005295
005296
005297
005298
005299
005300
005301
005302
005303
005304
005305
005306
005307
005308
005309
005310
005311
005312
005313
005314
005315
005316
005317
005318
005319
005320
005321
005322
005323
005324
005325
005326
005327
005328
005329
005330
005331
005332
005333
005334
005335
005336
005337
005338
005339
005340
005341
005342
005343
005344
005345
005346
005347
005348
005349
005350
005351
005352
005353
005354
005355
005356
005357
005358
005359
005360
005361
005362
005363
005364
005365
005366
005367
005368
005369
005370
005371
005372
005373
005374
005375
005376
005377
005378
005379
005380
005381
005382
005383
005384
005386
005387
005388
005389
005390
005391
005392
005393
005394
005395
005402
005403
005404
005405
005406
005407
005408
005409
005410
005414
005415
005416
005417
005418
005419
005420
005421
005422
005426
005427
005428
005429
005430
005431
005432
005433
005434
005435
005439
005440
005441
005442
005443
005444
005445
005446
005592
005593
005594
005617
005618
005619
005620
005630
005631
005632
005633
005643
005644
005645
005646
005647
005655
005656
005657
005658
005659
005666
005667
005668
005669
005670
005671
005672
005673
005679
005680
005681
005682
005683
005684
005685
005686
005693
005695
005696
005697
005698
005699
005707
005708
005709
005710
005711
005712
005713
005714
005718
005719
005720
005721
005722
005723
005724
005725
005726
005732
005733
005734
005735
005736
005737
005738
005739
005740
005741
005742
005743
005744
005745
005746
005747
005748
005749
005750
005751
005752
005753
005754
005755
005756
005757
005758
005759
005760
005761
005762
005763
005764
005765
005766
005767
005769
005770
005771
005772
005773
005774
005775
005776
005777
005778
005782
005783
005784
005785
005786
005787
005788
005789
005790
005791
005792
005795
005796
005797
005798
005799
005800
005801
005802
005803
005810
005811
005812
005813
005814
005815
005816
005817
005818
005821
005822
005823
005824
005825
005826
005827
005828
005829
005830
005831
005832
005833
005834
005835
005836
005837
005838
005839
005840
005841
005842
005843
005844
005845
005846
005847
005848
005849
005850
005851
005852
005853
005854
005855
005856
005857
005858
005859
005860
005861
005862
005863
005864
005865
005866
005867
005868
005869
005870
005871
005872
005873
005874
005875
005876
005877
005878
005879
005880
005881
005882
005883
005884
005885
005886
005887
005888
005889
005890
005891
005892
005893
005894
005895
005896
005897
005898
005899
005900
005901
005902
005903
005904
005905
005906
005907
005908
005909
005910
005911
005912
005913
005914
005915
005916
005917
005920
005921
005922
005923
005924
005925
005926
005927
005928
005929
005933
005934
005935
005936
005937
005938
005939
005940
006073
006074
006086
006087
006088
006111
006112
006113
006114
006123
006124
006125
006126
006127
006135
006136
006137
006138
006139
006140
006148
006149
006150
006151
006152
006153
006154
006155
006156
006159
006160
006161
006162
006163
006164
006165
006166
006167
006168
006173
006174
006175
006176
006177
006178
006179
006180
006181
006182
006183
006184
006185
006186
006187
006188
006189
006190
006191
006192
006193
006194
006195
006196
006197
006198
006199
006200
006201
006202
006203
006204
006205
006206
006207
006208
006209
006210
006211
006212
006213
006214
006215
006216
006217
006218
006219
006220
006223
006224
006225
006226
006227
006228
006229
006230
006231
006232
006233
006234
006235
006236
006237
006238
006239
006240
006241
006242
006243
006244
006245
006246
006247
006248
006249
006250
006251
006252
006253
006254
006255
006256
006257
006258
006259
006260
006261
006262
006263
006264
006265
006266
006267
006268
006269
006270
006271
006272
006273
006276
006277
006278
006279
006280
006281
006282
006283
006284
006285
006288
006289
006290
006291
006292
006293
006294
006295
006296
006297
006298
006299
006300
006301
006302
006303
006304
006305
006306
006307
006308
006309
006310
006311
006312
006313
006314
006315
006316
006317
006318
006319
006320
006321
006322
006323
006324
006325
006326
006327
006328
006329
006330
006331
006332
006333
006334
006335
006336
006337
006338
006339
006340
006341
006342
006343
006344
006345
006346
006347
006348
006349
006350
006351
006352
006353
006354
006355
006356
006357
006358
006359
006361
006362
006363
006364
006365
006366
006367
006368
006369
006370
006371
006373
006375
006376
006377
006378
006379
006380
006381
006382
006383
006384
006385
006386
006387
006388
006389
006390
006391
006392
006393
006394
006395
006396
006397
006398
006399
006400
006401
006402
006403
006404
006405
006406
006407
006408
006409
006410
006414
006415
006416
006417
006418
006419
006420
006421
006554
006555
006567
006568
006569
006581
006592
006593
006594
006595
006605
006606
006607
006608
006609
006618
006619
006620
006621
006622
006630
006631
006632
006633
006634
006635
006636
006642
006643
006644
006645
006646
006647
006648
006654
006655
006656
006657
006658
006659
006660
006661
006667
006668
006669
006670
006671
006672
006673
006674
006681
006682
006683
006684
006685
006686
006687
006688
006689
006691
006692
006693
006694
006695
006696
006697
006698
006699
006700
006701
006702
006705
006706
006707
006708
006709
006710
006711
006712
006713
006714
006715
006716
006717
006718
006719
006720
006721
006722
006723
006724
006725
006726
006727
006728
006729
006731
006732
006733
006734
006735
006736
006737
006738
006739
006740
006741
006742
006743
006744
006745
006746
006747
006748
006749
006750
006751
006752
006753
006754
006755
006756
006757
006758
006759
006760
006761
006762
006763
006764
006765
006766
006767
006768
006769
006770
006771
006772
006773
006774
006775
006776
006777
006778
006779
006780
006781
006782
006783
006784
006785
006786
006787
006788
006789
006790
006791
006792
006793
006794
006795
006796
006797
006798
006799
006800
006801
006802
006803
006804
006805
006806
006807
006808
006809
006810
006811
006812
006813
006814
006815
006816
006817
006818
006819
006820
006821
006822
006823
006824
006825
006826
006827
006828
006829
006830
006831
006832
006833
006834
006835
006836
006837
006838
006839
006840
006841
006842
006843
006844
006845
006846
006847
006848
006849
006850
006851
006852
006853
006854
006855
006856
006857
006858
006859
006860
006861
006862
006863
006864
006865
006866
006868
006869
006870
006871
006872
006873
006874
006875
006876
006877
006878
006882
006883
006884
006885
006886
006887
006888
006889
006983
007022
007023
007024
007035
007036
007037
007047
007048
007049
007050
007059
007060
007061
007062
007063
007064
007071
007072
007073
007074
007075
007076
007077
007078
007084
007085
007086
007087
007088
007089
007090
007097
007098
007099
007100
007101
007102
007103
007104
007105
007106
007107
007108
007109
007110
007111
007112
007113
007114
007115
007116
007117
007118
007119
007120
007121
007122
007123
007124
007125
007126
007127
007128
007129
007130
007131
007132
007133
007134
007135
007136
007137
007138
007139
007140
007141
007142
007143
007144
007148
007149
007150
007151
007152
007153
007154
007155
007156
007157
007158
007159
007160
007161
007162
007163
007164
007165
007166
007167
007168
007169
007170
007171
007173
007174
007175
007176
007177
007178
007179
007180
007181
007182
007183
007184
007185
007186
007187
007188
007189
007190
007191
007192
007193
007194
007195
007196
007197
007198
007199
007200
007201
007202
007203
007204
007205
007206
007207
007208
007209
007210
007211
007212
007214
007215
007216
007217
007218
007219
007220
007221
007222
007223
007224
007225
007226
007227
007228
007229
007230
007231
007232
007233
007234
007235
007236
007237
007238
007239
007240
007241
007242
007243
007244
007245
007246
007247
007248
007249
007250
007251
007252
007253
007254
007255
007256
007257
007258
007259
007260
007261
007262
007263
007264
007265
007266
007267
007268
007271
007272
007273
007274
007275
007276
007277
007278
007279
007280
007281
007285
007286
007287
007288
007289
007290
007291
007292
007386
007387
007425
007426
007427
007437
007438
007439
007440
007451
007452
007453
007463
007464
007465
007466
007467
007476
007477
007478
007479
007480
007488
007489
007490
007491
007492
007493
007500
007501
007502
007503
007504
007505
007506
007507
007508
007509
007512
007513
007514
007515
007516
007517
007518
007519
007520
007521
007522
007525
007526
007527
007528
007529
007530
007531
007532
007533
007534
007538
007539
007540
007541
007542
007543
007544
007545
007546
007551
007552
007553
007554
007555
007556
007557
007558
007559
007560
007561
007562
007563
007564
007565
007566
007567
007568
007569
007570
007571
007572
007573
007576
007577
007578
007579
007580
007581
007582
007583
007584
007585
007586
007587
007588
007589
007590
007591
007592
007593
007594
007595
007596
007597
007598
007599
007600
007601
007602
007603
007604
007605
007606
007607
007608
007609
007610
007611
007612
007613
007614
007615
007616
007617
007618
007619
007620
007621
007622
007623
007624
007625
007626
007628
007629
007630
007632
007633
007634
007635
007636
007637
007638
007639
007640
007641
007642
007644
007645
007646
007647
007648
007649
007650
007651
007652
007653
007654
007655
007656
007657
007658
007659
007660
007661
007662
007663
007664
007665
007666
007667
007668
007669
007670
007671
007672
007673
007674
007675
007676
007677
007678
007679
007680
007681
007682
007683
007684
007685
007686
007687
007688
007689
007690
007691
007692
007695
007696
007697
007698
007699
007700
007701
007702
007703
007704
007705
007706
007707
007708
007709
007710
007711
007712
007713
007714
007715
007716
007717
007718
007719
007720
007721
007722
007723
007724
007725
007726
007727
007728
007729
007730
007731
007732
007733
007734
007735
007736
007737
007738
007739
007740
007741
007742
007743
007744
007745
007746
007747
007748
007749
007750
007753
007754
007755
007756
007757
007758
007759
007760
007761
007762
007763
007766
007767
007768
007769
007770
007771
007772
007773
007867
007868
007906
007907
007908
007918
007919
007920
007921
007931
007934
007943
007944
007945
007946
007947
007948
007955
007957
007958
007959
007960
007961
007970
007971
007972
007973
007974
007982
007983
007984
007985
007986
007987
007988
007989
007993
007994
007995
007996
007997
007998
007999
008000
008001
008006
008007
008008
008009
008010
008011
008012
008013
008014
008015
008016
008017
008018
008019
008020
008021
008022
008023
008024
008025
008026
008027
008028
008029
008032
008033
008034
008035
008036
008037
008038
008039
008040
008041
008042
008044
008045
008046
008047
008048
008049
008050
008051
008052
008053
008056
008057
008058
008059
008060
008061
008062
008063
008064
008065
008066
008067
008068
008069
008070
008071
008072
008073
008074
008075
008076
008077
008078
008079
008080
008082
008083
008084
008085
008086
008087
008088
008089
008090
008091
008092
008093
008094
008095
008096
008097
008098
008099
008100
008101
008102
008103
008104
008105
008106
008108
008109
008110
008111
008113
008114
008115
008116
008117
008118
008119
008120
008125
008126
008127
008128
008129
008130
008131
008132
008133
008134
008137
008138
008139
008140
008141
008142
008143
008144
008145
008146
008147
008148
008149
008150
008151
008152
008153
008154
008155
008156
008157
008158
008159
008160
008161
008162
008163
008164
008165
008166
008167
008168
008169
008170
008171
008172
008173
008174
008175
008176
008177
008178
008179
008180
008181
008182
008183
008184
008185
008186
008187
008188
008189
008190
008191
008192
008193
008194
008195
008196
008197
008198
008199
008200
008201
008202
008203
008204
008205
008206
008207
008208
008209
008210
008211
008212
008213
008214
008215
008216
008217
008222
008223
008224
008225
008226
008227
008228
008229
008230
008231
008234
008235
008236
008237
008238
008239
008240
008241
008242
008243
008244
008245
008247
008248
008249
008250
008251
008252
008253
008254
008255
008256
008257
008258
008260
008261
008262
008263
008264
008265
008266
008267
008348
008349
008360
008361
008362
008363
008387
008388
008399
008400
008401
008402
008411
008412
008413
008414
008415
008416
008423
008424
008425
008426
008427
008436
008437
008438
008439
008440
008441
008449
008450
008451
008452
008453
008454
008455
008462
008463
008464
008465
008466
008467
008468
008474
008475
008476
008477
008478
008479
008480
008481
008482
008486
008487
008488
008489
008490
008491
008492
008493
008494
008495
008499
008500
008501
008502
008503
008504
008505
008506
008507
008508
008509
008512
008513
008514
008515
008516
008517
008518
008519
008520
008525
008526
008527
008528
008529
008531
008532
008533
008534
008535
008537
008538
008539
008540
008541
008542
008543
008544
008545
008546
008547
008548
008550
008551
008552
008553
008554
008555
008556
008557
008558
008559
008560
008561
008562
008563
008564
008565
008566
008567
008568
008569
008570
008571
008572
008573
008574
008575
008576
008577
008578
008579
008580
008585
008586
008587
008592
008593
008594
008595
008596
008597
008598
008599
008600
008601
008602
008603
008604
008605
008606
008607
008608
008609
008610
008611
008612
008613
008614
008615
008616
008617
008618
008619
008620
008621
008622
008623
008624
008625
008626
008627
008628
008629
008630
008631
008635
008636
008637
008638
008639
008640
008641
008647
008648
008649
008650
008651
008652
008653
008654
008655
008656
008658
008659
008660
008661
008662
008663
008664
008666
008667
008668
008669
008670
008671
008672
008673
008674
008675
008676
008677
008678
008679
008680
008681
008682
008683
008687
008688
008689
008690
008693
008697
008698
008699
008700
008701
008702
008703
008704
008706
008707
008708
008709
008710
008711
008712
008713
008714
008715
008716
008717
008718
008719
008720
008721
008722
008723
008724
008725
008726
008727
008728
008729
008730
008731
008732
008733
008734
008735
008737
008738
008739
008740
008741
008742
008743
008744
008749
008750
008751
008752
008753
008754
008755
008756
008757
008758
008759
008760
008761
008762
008763
008764
008765
008766
008767
008768
008769
008770
008771
008772
008773
008774
008775
008776
008777
008778
008779
008780
008781
008782
008783
008784
008785
008786
008787
008788
008789
008790
008791
008792
008793
008794
008795
008796
008797
008798
008799
008800
008801
008802
008803
008804
008805
008806
008807
008808
008809
008810
008811
008812
008813
008854
008855
008856
008893
008894
008895
008905
008906
008907
008908
008909
008917
008919
008920
008921
008931
008932
008933
008934
008935
008943
008944
008945
008946
008947
008948
008949
008956
008957
008958
008959
008960
008961
008962
008968
008969
008970
008971
008972
008973
008974
008975
008976
008981
008982
008983
008984
008985
008986
008987
008988
008989
008994
008995
008996
008997
008998
008999
009000
009001
009002
009003
009004
009005
009006
009007
009008
009009
009010
009011
009012
009013
009014
009015
009016
009017
009018
009019
009020
009021
009022
009023
009024
009025
009026
009027
009028
009029
009030
009031
009032
009033
009034
009035
009036
009037
009038
009039
009040
009041
009042
009044
009045
009046
009047
009048
009049
009050
009051
009052
009053
009054
009055
009056
009057
009058
009059
009060
009061
009062
009063
009064
009065
009066
009067
009068
009069
009070
009071
009072
009073
009074
009075
009076
009077
009078
009079
009080
009081
009082
009083
009084
009085
009086
009087
009088
009089
009090
009091
009092
009093
009094
009095
009096
009097
009098
009099
009100
009101
009102
009108
009109
009110
009111
009112
009113
009114
009115
009116
009117
009118
009119
009120
009121
009122
009123
009124
009125
009126
009127
009128
009129
009130
009131
009132
009133
009134
009135
009136
009137
009138
009139
009140
009141
009142
009143
009144
009145
009146
009147
009148
009149
009150
009151
009152
009153
009154
009155
009156
009157
009158
009159
009160
009161
009162
009163
009164
009173
009174
009175
009176
009178
009179
009180
009181
009182
009183
009184
009185
009186
009187
009188
009189
009190
009191
009192
009193
009194
009195
009196
009197
009198
009199
009200
009201
009202
009203
009204
009205
009206
